层数	怪	type1	value1	value2	value3	prob	type2	value1	value2	value3	prob	type3	value1	value2	value3	prob	首次type1	value1	value2	value3	prob	首次type1	value1	value2	value3	prob	首次type2	value1	value2	value3	prob	type3	value1	value2	value3	prob
INT	INT	INT	INT	INT	INT	INT	INT	INT	INT	INT	INT	INT	INT	INT	INT	INT	INT	INT	INT	INT	INT	INT	INT	INT	INT	INT	INT	INT	INT	INT	INT	INT	INT	INT	INT	INT
*stair	monster	reward.0.type	reward.0.value1	reward.0.value2	reward.0.value3	reward.0.prob	reward.1.type	reward.1.value1	reward.1.value2	reward.1.value3	reward.1.prob	reward.2.type	reward.2.value1	reward.2.value2	reward.2.value3	reward.2.prob	freward.0.type	freward.0.value1	freward.0.value2	freward.0.value3	freward.0.prob	freward.1.type	freward.1.value1	freward.1.value2	freward.1.value3	freward.1.prob	freward.2.type	freward.2.value1	freward.2.value2	freward.2.value3	freward.2.prob					
1	1001	1	1	1	0	100	1	1	1	0	80																									
2	1002	1	1	1	0	100	1	1	1	0	80																									
3	1003	1	1	1	0	100	1	1	1	0	80																									
4	1004	1	1	1	0	100	1	1	1	0	80																									
5	1005	1	1	1	0	100	1	1	1	0	80																									
6	1006	1	1	1	0	100	1	1	1	0	80																									
7	1007	1	1	1	0	100	1	1	1	0	80																									
8	1008	1	1	1	0	100	1	1	1	0	80																									
9	1009	1	1	1	0	100	1	1	1	0	80																									
10	1010	1	1	1	0	100	1	1	1	0	80																									
11	1101	1	1	1	0	100	1	1	1	0	80																									
12	1102	1	1	1	0	100	1	1	1	0	80																									
13	1103	1	1	1	0	100	1	1	1	0	80																									
14	1104	1	1	1	0	100	1	1	1	0	80																									
15	1105	1	1	1	0	100	1	1	1	0	80																									
16	1106	1	1	1	0	100	1	1	1	0	80																									
17	1107	1	1	1	0	100	1	1	1	0	80																									
18	1108	1	1	1	0	100	1	1	1	0	80																									
19	1109	1	1	1	0	100	1	1	1	0	80																									
20	1110	1	1	1	0	100	1	1	1	0	80																									
21	1001	1	1	1	0	100	1	1	1	0	80																									
22	1002	1	1	1	0	100	1	1	1	0	80																									
23	1003	1	1	1	0	100	1	1	1	0	80																									
24	1004	1	1	1	0	100	1	1	1	0	80																									
25	1005	1	1	1	0	100	1	1	1	0	80																									
26	1006	1	1	1	0	100	1	1	1	0	80																									
27	1007	1	1	1	0	100	1	1	1	0	80																									
28	1008	1	1	1	0	100	1	1	1	0	80																									
29	1009	1	1	1	0	100	1	1	1	0	80																									
30	1010	1	1	1	0	100	1	1	1	0	80																									
31	1101	1	1	1	0	100	1	1	1	0	80																									
32	1102	1	1	1	0	100	1	1	1	0	80																									
33	1103	1	1	1	0	100	1	1	1	0	80																									
34	1104	1	1	1	0	100	1	1	1	0	80																									
35	1105	1	1	1	0	100	1	1	1	0	80																									
36	1106	1	1	1	0	100	1	1	1	0	80																									
37	1107	1	1	1	0	100	1	1	1	0	80																									
38	1108	1	1	1	0	100	1	1	1	0	80																									
39	1109	1	1	1	0	100	1	1	1	0	80																									
40	1110	1	1	1	0	100	1	1	1	0	80																									
41	1001	1	1	1	0	100	1	1	1	0	80																									
42	1002	1	1	1	0	100	1	1	1	0	80																									
43	1003	1	1	1	0	100	1	1	1	0	80																									
44	1004	1	1	1	0	100	1	1	1	0	80																									
45	1005	1	1	1	0	100	1	1	1	0	80																									
46	1006	1	1	1	0	100	1	1	1	0	80																									
47	1007	1	1	1	0	100	1	1	1	0	80																									
48	1008	1	1	1	0	100	1	1	1	0	80																									
49	1009	1	1	1	0	100	1	1	1	0	80																									
50	1010	1	1	1	0	100	1	1	1	0	80																									
51	1101	1	1	1	0	100	1	1	1	0	80																									
52	1102	1	1	1	0	100	1	1	1	0	80																									
53	1103	1	1	1	0	100	1	1	1	0	80																									
54	1104	1	1	1	0	100	1	1	1	0	80																									
55	1105	1	1	1	0	100	1	1	1	0	80																									
56	1106	1	1	1	0	100	1	1	1	0	80																									
57	1107	1	1	1	0	100	1	1	1	0	80																									
58	1108	1	1	1	0	100	1	1	1	0	80																									
59	1109	1	1	1	0	100	1	1	1	0	80																									
60	1110	1	1	1	0	100	1	1	1	0	80																									
61	1001	1	1	1	0	100	1	1	1	0	80																									
62	1002	1	1	1	0	100	1	1	1	0	80																									
63	1003	1	1	1	0	100	1	1	1	0	80																									
64	1004	1	1	1	0	100	1	1	1	0	80																									
65	1005	1	1	1	0	100	1	1	1	0	80																									
66	1006	1	1	1	0	100	1	1	1	0	80																									
67	1007	1	1	1	0	100	1	1	1	0	80																									
68	1008	1	1	1	0	100	1	1	1	0	80																									
69	1009	1	1	1	0	100	1	1	1	0	80																									
70	1010	1	1	1	0	100	1	1	1	0	80																									
71	1101	1	1	1	0	100	1	1	1	0	80																									
72	1102	1	1	1	0	100	1	1	1	0	80																									
73	1103	1	1	1	0	100	1	1	1	0	80																									
74	1104	1	1	1	0	100	1	1	1	0	80																									
75	1105	1	1	1	0	100	1	1	1	0	80																									
76	1106	1	1	1	0	100	1	1	1	0	80																									
77	1107	1	1	1	0	100	1	1	1	0	80																									
78	1108	1	1	1	0	100	1	1	1	0	80																									
79	1109	1	1	1	0	100	1	1	1	0	80																									
80	1110	1	1	1	0	100	1	1	1	0	80																									
81	1001	1	1	1	0	100	1	1	1	0	80																									
82	1002	1	1	1	0	100	1	1	1	0	80																									
83	1003	1	1	1	0	100	1	1	1	0	80																									
84	1004	1	1	1	0	100	1	1	1	0	80																									
85	1005	1	1	1	0	100	1	1	1	0	80																									
86	1006	1	1	1	0	100	1	1	1	0	80																									
87	1007	1	1	1	0	100	1	1	1	0	80																									
88	1008	1	1	1	0	100	1	1	1	0	80																									
89	1009	1	1	1	0	100	1	1	1	0	80																									
90	1010	1	1	1	0	100	1	1	1	0	80																									
91	1101	1	1	1	0	100	1	1	1	0	80																									
92	1102	1	1	1	0	100	1	1	1	0	80																									
93	1103	1	1	1	0	100	1	1	1	0	80																									
94	1104	1	1	1	0	100	1	1	1	0	80																									
95	1105	1	1	1	0	100	1	1	1	0	80																									
96	1106	1	1	1	0	100	1	1	1	0	80																									
97	1107	1	1	1	0	100	1	1	1	0	80																									
98	1108	1	1	1	0	100	1	1	1	0	80																									
99	1109	1	1	1	0	100	1	1	1	0	80																									
100	1110	1	1	1	0	100	1	1	1	0	80																									
101	1001	1	1	1	0	100	1	1	1	0	80																									
102	1002	1	1	1	0	100	1	1	1	0	80																									
103	1003	1	1	1	0	100	1	1	1	0	80																									
104	1004	1	1	1	0	100	1	1	1	0	80																									
105	1005	1	1	1	0	100	1	1	1	0	80																									
106	1006	1	1	1	0	100	1	1	1	0	80																									
107	1007	1	1	1	0	100	1	1	1	0	80																									
108	1008	1	1	1	0	100	1	1	1	0	80																									
109	1009	1	1	1	0	100	1	1	1	0	80																									
110	1010	1	1	1	0	100	1	1	1	0	80																									
111	1101	1	1	1	0	100	1	1	1	0	80																									
112	1102	1	1	1	0	100	1	1	1	0	80																									
113	1103	1	1	1	0	100	1	1	1	0	80																									
114	1104	1	1	1	0	100	1	1	1	0	80																									
115	1105	1	1	1	0	100	1	1	1	0	80																									
116	1106	1	1	1	0	100	1	1	1	0	80																									
117	1107	1	1	1	0	100	1	1	1	0	80																									
118	1108	1	1	1	0	100	1	1	1	0	80																									
119	1109	1	1	1	0	100	1	1	1	0	80																									
120	1110	1	1	1	0	100	1	1	1	0	80																									
121	1001	1	1	1	0	100	1	1	1	0	80																									
122	1002	1	1	1	0	100	1	1	1	0	80																									
123	1003	1	1	1	0	100	1	1	1	0	80																									
124	1004	1	1	1	0	100	1	1	1	0	80																									
125	1005	1	1	1	0	100	1	1	1	0	80																									
126	1006	1	1	1	0	100	1	1	1	0	80																									
127	1007	1	1	1	0	100	1	1	1	0	80																									
128	1008	1	1	1	0	100	1	1	1	0	80																									
129	1009	1	1	1	0	100	1	1	1	0	80																									
130	1010	1	1	1	0	100	1	1	1	0	80																									
131	1101	1	1	1	0	100	1	1	1	0	80																									
132	1102	1	1	1	0	100	1	1	1	0	80																									
133	1103	1	1	1	0	100	1	1	1	0	80																									
134	1104	1	1	1	0	100	1	1	1	0	80																									
135	1105	1	1	1	0	100	1	1	1	0	80																									
136	1106	1	1	1	0	100	1	1	1	0	80																									
137	1107	1	1	1	0	100	1	1	1	0	80																									
138	1108	1	1	1	0	100	1	1	1	0	80																									
139	1109	1	1	1	0	100	1	1	1	0	80																									
140	1110	1	1	1	0	100	1	1	1	0	80																									
141	1001	1	1	1	0	100	1	1	1	0	80																									
142	1002	1	1	1	0	100	1	1	1	0	80																									
143	1003	1	1	1	0	100	1	1	1	0	80																									
144	1004	1	1	1	0	100	1	1	1	0	80																									
145	1005	1	1	1	0	100	1	1	1	0	80																									
146	1006	1	1	1	0	100	1	1	1	0	80																									
147	1007	1	1	1	0	100	1	1	1	0	80																									
148	1008	1	1	1	0	100	1	1	1	0	80																									
149	1009	1	1	1	0	100	1	1	1	0	80																									
150	1010	1	1	1	0	100	1	1	1	0	80																									
151	1101	1	1	1	0	100	1	1	1	0	80																									
152	1102	1	1	1	0	100	1	1	1	0	80																									
153	1103	1	1	1	0	100	1	1	1	0	80																									
154	1104	1	1	1	0	100	1	1	1	0	80																									
155	1105	1	1	1	0	100	1	1	1	0	80																									
156	1106	1	1	1	0	100	1	1	1	0	80																									
157	1107	1	1	1	0	100	1	1	1	0	80																									
158	1108	1	1	1	0	100	1	1	1	0	80																									
159	1109	1	1	1	0	100	1	1	1	0	80																									
160	1110	1	1	1	0	100	1	1	1	0	80																									
161	1001	1	1	1	0	100	1	1	1	0	80																									
162	1002	1	1	1	0	100	1	1	1	0	80																									
163	1003	1	1	1	0	100	1	1	1	0	80																									
164	1004	1	1	1	0	100	1	1	1	0	80																									
165	1005	1	1	1	0	100	1	1	1	0	80																									
166	1006	1	1	1	0	100	1	1	1	0	80																									
167	1007	1	1	1	0	100	1	1	1	0	80																									
168	1008	1	1	1	0	100	1	1	1	0	80																									
169	1009	1	1	1	0	100	1	1	1	0	80																									
170	1010	1	1	1	0	100	1	1	1	0	80																									
171	1101	1	1	1	0	100	1	1	1	0	80																									
172	1102	1	1	1	0	100	1	1	1	0	80																									
173	1103	1	1	1	0	100	1	1	1	0	80																									
174	1104	1	1	1	0	100	1	1	1	0	80																									
175	1105	1	1	1	0	100	1	1	1	0	80																									
176	1106	1	1	1	0	100	1	1	1	0	80																									
177	1107	1	1	1	0	100	1	1	1	0	80																									
178	1108	1	1	1	0	100	1	1	1	0	80																									
179	1109	1	1	1	0	100	1	1	1	0	80																									
180	1110	1	1	1	0	100	1	1	1	0	80																									
181	1001	1	1	1	0	100	1	1	1	0	80																									
182	1002	1	1	1	0	100	1	1	1	0	80																									
183	1003	1	1	1	0	100	1	1	1	0	80																									
184	1004	1	1	1	0	100	1	1	1	0	80																									
185	1005	1	1	1	0	100	1	1	1	0	80																									
186	1006	1	1	1	0	100	1	1	1	0	80																									
187	1007	1	1	1	0	100	1	1	1	0	80																									
188	1008	1	1	1	0	100	1	1	1	0	80																									
189	1009	1	1	1	0	100	1	1	1	0	80																									
190	1010	1	1	1	0	100	1	1	1	0	80																									
191	1101	1	1	1	0	100	1	1	1	0	80																									
192	1102	1	1	1	0	100	1	1	1	0	80																									
193	1103	1	1	1	0	100	1	1	1	0	80																									
194	1104	1	1	1	0	100	1	1	1	0	80																									
195	1105	1	1	1	0	100	1	1	1	0	80																									
196	1106	1	1	1	0	100	1	1	1	0	80																									
197	1107	1	1	1	0	100	1	1	1	0	80																									
198	1108	1	1	1	0	100	1	1	1	0	80																									
199	1109	1	1	1	0	100	1	1	1	0	80																									
200	1110	1	1	1	0	100	1	1	1	0	80																									
201	1001	1	1	1	0	100	1	1	1	0	80																									
202	1002	1	1	1	0	100	1	1	1	0	80																									
203	1003	1	1	1	0	100	1	1	1	0	80																									
204	1004	1	1	1	0	100	1	1	1	0	80																									
205	1005	1	1	1	0	100	1	1	1	0	80																									
206	1006	1	1	1	0	100	1	1	1	0	80																									
207	1007	1	1	1	0	100	1	1	1	0	80																									
208	1008	1	1	1	0	100	1	1	1	0	80																									
209	1009	1	1	1	0	100	1	1	1	0	80																									
210	1010	1	1	1	0	100	1	1	1	0	80																									
211	1101	1	1	1	0	100	1	1	1	0	80																									
212	1102	1	1	1	0	100	1	1	1	0	80																									
213	1103	1	1	1	0	100	1	1	1	0	80																									
214	1104	1	1	1	0	100	1	1	1	0	80																									
215	1105	1	1	1	0	100	1	1	1	0	80																									
216	1106	1	1	1	0	100	1	1	1	0	80																									
217	1107	1	1	1	0	100	1	1	1	0	80																									
218	1108	1	1	1	0	100	1	1	1	0	80																									
219	1109	1	1	1	0	100	1	1	1	0	80																									
220	1110	1	1	1	0	100	1	1	1	0	80																									
221	1001	1	1	1	0	100	1	1	1	0	80																									
222	1002	1	1	1	0	100	1	1	1	0	80																									
223	1003	1	1	1	0	100	1	1	1	0	80																									
224	1004	1	1	1	0	100	1	1	1	0	80																									
225	1005	1	1	1	0	100	1	1	1	0	80																									
226	1006	1	1	1	0	100	1	1	1	0	80																									
227	1007	1	1	1	0	100	1	1	1	0	80																									
228	1008	1	1	1	0	100	1	1	1	0	80																									
229	1009	1	1	1	0	100	1	1	1	0	80																									
230	1010	1	1	1	0	100	1	1	1	0	80																									
231	1101	1	1	1	0	100	1	1	1	0	80																									
232	1102	1	1	1	0	100	1	1	1	0	80																									
233	1103	1	1	1	0	100	1	1	1	0	80																									
234	1104	1	1	1	0	100	1	1	1	0	80																									
235	1105	1	1	1	0	100	1	1	1	0	80																									
236	1106	1	1	1	0	100	1	1	1	0	80																									
237	1107	1	1	1	0	100	1	1	1	0	80																									
238	1108	1	1	1	0	100	1	1	1	0	80																									
239	1109	1	1	1	0	100	1	1	1	0	80																									
240	1110	1	1	1	0	100	1	1	1	0	80																									
241	1001	1	1	1	0	100	1	1	1	0	80																									
242	1002	1	1	1	0	100	1	1	1	0	80																									
243	1003	1	1	1	0	100	1	1	1	0	80																									
244	1004	1	1	1	0	100	1	1	1	0	80																									
245	1005	1	1	1	0	100	1	1	1	0	80																									
246	1006	1	1	1	0	100	1	1	1	0	80																									
247	1007	1	1	1	0	100	1	1	1	0	80																									
248	1008	1	1	1	0	100	1	1	1	0	80																									
249	1009	1	1	1	0	100	1	1	1	0	80																									
250	1010	1	1	1	0	100	1	1	1	0	80																									
251	1101	1	1	1	0	100	1	1	1	0	80																									
252	1102	1	1	1	0	100	1	1	1	0	80																									
253	1103	1	1	1	0	100	1	1	1	0	80																									
254	1104	1	1	1	0	100	1	1	1	0	80																									
255	1105	1	1	1	0	100	1	1	1	0	80																									
256	1106	1	1	1	0	100	1	1	1	0	80																									
257	1107	1	1	1	0	100	1	1	1	0	80																									
258	1108	1	1	1	0	100	1	1	1	0	80																									
259	1109	1	1	1	0	100	1	1	1	0	80																									
260	1110	1	1	1	0	100	1	1	1	0	80																									
261	1001	1	1	1	0	100	1	1	1	0	80																									
262	1002	1	1	1	0	100	1	1	1	0	80																									
263	1003	1	1	1	0	100	1	1	1	0	80																									
264	1004	1	1	1	0	100	1	1	1	0	80																									
265	1005	1	1	1	0	100	1	1	1	0	80																									
266	1006	1	1	1	0	100	1	1	1	0	80																									
267	1007	1	1	1	0	100	1	1	1	0	80																									
268	1008	1	1	1	0	100	1	1	1	0	80																									
269	1009	1	1	1	0	100	1	1	1	0	80																									
270	1010	1	1	1	0	100	1	1	1	0	80																									
271	1101	1	1	1	0	100	1	1	1	0	80																									
272	1102	1	1	1	0	100	1	1	1	0	80																									
273	1103	1	1	1	0	100	1	1	1	0	80																									
274	1104	1	1	1	0	100	1	1	1	0	80																									
275	1105	1	1	1	0	100	1	1	1	0	80																									
276	1106	1	1	1	0	100	1	1	1	0	80																									
277	1107	1	1	1	0	100	1	1	1	0	80																									
278	1108	1	1	1	0	100	1	1	1	0	80																									
279	1109	1	1	1	0	100	1	1	1	0	80																									
280	1110	1	1	1	0	100	1	1	1	0	80																									
281	1001	1	1	1	0	100	1	1	1	0	80																									
282	1002	1	1	1	0	100	1	1	1	0	80																									
283	1003	1	1	1	0	100	1	1	1	0	80																									
284	1004	1	1	1	0	100	1	1	1	0	80																									
285	1005	1	1	1	0	100	1	1	1	0	80																									
286	1006	1	1	1	0	100	1	1	1	0	80																									
287	1007	1	1	1	0	100	1	1	1	0	80																									
288	1008	1	1	1	0	100	1	1	1	0	80																									
289	1009	1	1	1	0	100	1	1	1	0	80																									
290	1010	1	1	1	0	100	1	1	1	0	80																									
291	1101	1	1	1	0	100	1	1	1	0	80																									
292	1102	1	1	1	0	100	1	1	1	0	80																									
293	1103	1	1	1	0	100	1	1	1	0	80																									
294	1104	1	1	1	0	100	1	1	1	0	80																									
295	1105	1	1	1	0	100	1	1	1	0	80																									
296	1106	1	1	1	0	100	1	1	1	0	80																									
297	1107	1	1	1	0	100	1	1	1	0	80																									
298	1108	1	1	1	0	100	1	1	1	0	80																									
299	1109	1	1	1	0	100	1	1	1	0	80																									
300	1110	1	1	1	0	100	1	1	1	0	80																									
301	1001	1	1	1	0	100	1	1	1	0	80																									
302	1002	1	1	1	0	100	1	1	1	0	80																									
303	1003	1	1	1	0	100	1	1	1	0	80																									
304	1004	1	1	1	0	100	1	1	1	0	80																									
305	1005	1	1	1	0	100	1	1	1	0	80																									
306	1006	1	1	1	0	100	1	1	1	0	80																									
307	1007	1	1	1	0	100	1	1	1	0	80																									
308	1008	1	1	1	0	100	1	1	1	0	80																									
309	1009	1	1	1	0	100	1	1	1	0	80																									
310	1010	1	1	1	0	100	1	1	1	0	80																									
311	1101	1	1	1	0	100	1	1	1	0	80																									
312	1102	1	1	1	0	100	1	1	1	0	80																									
313	1103	1	1	1	0	100	1	1	1	0	80																									
314	1104	1	1	1	0	100	1	1	1	0	80																									
315	1105	1	1	1	0	100	1	1	1	0	80																									
316	1106	1	1	1	0	100	1	1	1	0	80																									
317	1107	1	1	1	0	100	1	1	1	0	80																									
318	1108	1	1	1	0	100	1	1	1	0	80																									
319	1109	1	1	1	0	100	1	1	1	0	80																									
320	1110	1	1	1	0	100	1	1	1	0	80																									
321	1001	1	1	1	0	100	1	1	1	0	80																									
322	1002	1	1	1	0	100	1	1	1	0	80																									
323	1003	1	1	1	0	100	1	1	1	0	80																									
324	1004	1	1	1	0	100	1	1	1	0	80																									
325	1005	1	1	1	0	100	1	1	1	0	80																									
326	1006	1	1	1	0	100	1	1	1	0	80																									
327	1007	1	1	1	0	100	1	1	1	0	80																									
328	1008	1	1	1	0	100	1	1	1	0	80																									
329	1009	1	1	1	0	100	1	1	1	0	80																									
330	1010	1	1	1	0	100	1	1	1	0	80																									
331	1101	1	1	1	0	100	1	1	1	0	80																									
332	1102	1	1	1	0	100	1	1	1	0	80																									
333	1103	1	1	1	0	100	1	1	1	0	80																									
334	1104	1	1	1	0	100	1	1	1	0	80																									
335	1105	1	1	1	0	100	1	1	1	0	80																									
336	1106	1	1	1	0	100	1	1	1	0	80																									
337	1107	1	1	1	0	100	1	1	1	0	80																									
338	1108	1	1	1	0	100	1	1	1	0	80																									
339	1109	1	1	1	0	100	1	1	1	0	80																									
340	1110	1	1	1	0	100	1	1	1	0	80																									
341	1001	1	1	1	0	100	1	1	1	0	80																									
342	1002	1	1	1	0	100	1	1	1	0	80																									
343	1003	1	1	1	0	100	1	1	1	0	80																									
344	1004	1	1	1	0	100	1	1	1	0	80																									
345	1005	1	1	1	0	100	1	1	1	0	80																									
346	1006	1	1	1	0	100	1	1	1	0	80																									
347	1007	1	1	1	0	100	1	1	1	0	80																									
348	1008	1	1	1	0	100	1	1	1	0	80																									
349	1009	1	1	1	0	100	1	1	1	0	80																									
350	1010	1	1	1	0	100	1	1	1	0	80																									
351	1101	1	1	1	0	100	1	1	1	0	80																									
352	1102	1	1	1	0	100	1	1	1	0	80																									
353	1103	1	1	1	0	100	1	1	1	0	80																									
354	1104	1	1	1	0	100	1	1	1	0	80																									
355	1105	1	1	1	0	100	1	1	1	0	80																									
356	1106	1	1	1	0	100	1	1	1	0	80																									
357	1107	1	1	1	0	100	1	1	1	0	80																									
358	1108	1	1	1	0	100	1	1	1	0	80																									
359	1109	1	1	1	0	100	1	1	1	0	80																									
360	1110	1	1	1	0	100	1	1	1	0	80																									
361	1001	1	1	1	0	100	1	1	1	0	80																									
362	1002	1	1	1	0	100	1	1	1	0	80																									
363	1003	1	1	1	0	100	1	1	1	0	80																									
364	1004	1	1	1	0	100	1	1	1	0	80																									
365	1005	1	1	1	0	100	1	1	1	0	80																									
366	1006	1	1	1	0	100	1	1	1	0	80																									
367	1007	1	1	1	0	100	1	1	1	0	80																									
368	1008	1	1	1	0	100	1	1	1	0	80																									
369	1009	1	1	1	0	100	1	1	1	0	80																									
370	1010	1	1	1	0	100	1	1	1	0	80																									
371	1101	1	1	1	0	100	1	1	1	0	80																									
372	1102	1	1	1	0	100	1	1	1	0	80																									
373	1103	1	1	1	0	100	1	1	1	0	80																									
374	1104	1	1	1	0	100	1	1	1	0	80																									
375	1105	1	1	1	0	100	1	1	1	0	80																									
376	1106	1	1	1	0	100	1	1	1	0	80																									
377	1107	1	1	1	0	100	1	1	1	0	80																									
378	1108	1	1	1	0	100	1	1	1	0	80																									
379	1109	1	1	1	0	100	1	1	1	0	80																									
380	1110	1	1	1	0	100	1	1	1	0	80																									
381	1001	1	1	1	0	100	1	1	1	0	80																									
382	1002	1	1	1	0	100	1	1	1	0	80																									
383	1003	1	1	1	0	100	1	1	1	0	80																									
384	1004	1	1	1	0	100	1	1	1	0	80																									
385	1005	1	1	1	0	100	1	1	1	0	80																									
386	1006	1	1	1	0	100	1	1	1	0	80																									
387	1007	1	1	1	0	100	1	1	1	0	80																									
388	1008	1	1	1	0	100	1	1	1	0	80																									
389	1009	1	1	1	0	100	1	1	1	0	80																									
390	1010	1	1	1	0	100	1	1	1	0	80																									
391	1101	1	1	1	0	100	1	1	1	0	80																									
392	1102	1	1	1	0	100	1	1	1	0	80																									
393	1103	1	1	1	0	100	1	1	1	0	80																									
394	1104	1	1	1	0	100	1	1	1	0	80																									
395	1105	1	1	1	0	100	1	1	1	0	80																									
396	1106	1	1	1	0	100	1	1	1	0	80																									
397	1107	1	1	1	0	100	1	1	1	0	80																									
398	1108	1	1	1	0	100	1	1	1	0	80																									
399	1109	1	1	1	0	100	1	1	1	0	80																									
400	1110	1	1	1	0	100	1	1	1	0	80																									
401	1001	1	1	1	0	100	1	1	1	0	80																									
402	1002	1	1	1	0	100	1	1	1	0	80																									
403	1003	1	1	1	0	100	1	1	1	0	80																									
404	1004	1	1	1	0	100	1	1	1	0	80																									
405	1005	1	1	1	0	100	1	1	1	0	80																									
406	1006	1	1	1	0	100	1	1	1	0	80																									
407	1007	1	1	1	0	100	1	1	1	0	80																									
408	1008	1	1	1	0	100	1	1	1	0	80																									
409	1009	1	1	1	0	100	1	1	1	0	80																									
410	1010	1	1	1	0	100	1	1	1	0	80																									
411	1101	1	1	1	0	100	1	1	1	0	80																									
412	1102	1	1	1	0	100	1	1	1	0	80																									
413	1103	1	1	1	0	100	1	1	1	0	80																									
414	1104	1	1	1	0	100	1	1	1	0	80																									
415	1105	1	1	1	0	100	1	1	1	0	80																									
416	1106	1	1	1	0	100	1	1	1	0	80																									
417	1107	1	1	1	0	100	1	1	1	0	80																									
418	1108	1	1	1	0	100	1	1	1	0	80																									
419	1109	1	1	1	0	100	1	1	1	0	80																									
420	1110	1	1	1	0	100	1	1	1	0	80																									
421	1001	1	1	1	0	100	1	1	1	0	80																									
422	1002	1	1	1	0	100	1	1	1	0	80																									
423	1003	1	1	1	0	100	1	1	1	0	80																									
424	1004	1	1	1	0	100	1	1	1	0	80																									
425	1005	1	1	1	0	100	1	1	1	0	80																									
426	1006	1	1	1	0	100	1	1	1	0	80																									
427	1007	1	1	1	0	100	1	1	1	0	80																									
428	1008	1	1	1	0	100	1	1	1	0	80																									
429	1009	1	1	1	0	100	1	1	1	0	80																									
430	1010	1	1	1	0	100	1	1	1	0	80																									
431	1101	1	1	1	0	100	1	1	1	0	80																									
432	1102	1	1	1	0	100	1	1	1	0	80																									
433	1103	1	1	1	0	100	1	1	1	0	80																									
434	1104	1	1	1	0	100	1	1	1	0	80																									
435	1105	1	1	1	0	100	1	1	1	0	80																									
436	1106	1	1	1	0	100	1	1	1	0	80																									
437	1107	1	1	1	0	100	1	1	1	0	80																									
438	1108	1	1	1	0	100	1	1	1	0	80																									
439	1109	1	1	1	0	100	1	1	1	0	80																									
440	1110	1	1	1	0	100	1	1	1	0	80																									
441	1001	1	1	1	0	100	1	1	1	0	80																									
442	1002	1	1	1	0	100	1	1	1	0	80																									
443	1003	1	1	1	0	100	1	1	1	0	80																									
444	1004	1	1	1	0	100	1	1	1	0	80																									
445	1005	1	1	1	0	100	1	1	1	0	80																									
446	1006	1	1	1	0	100	1	1	1	0	80																									
447	1007	1	1	1	0	100	1	1	1	0	80																									
448	1008	1	1	1	0	100	1	1	1	0	80																									
449	1009	1	1	1	0	100	1	1	1	0	80																									
450	1010	1	1	1	0	100	1	1	1	0	80																									
451	1101	1	1	1	0	100	1	1	1	0	80																									
452	1102	1	1	1	0	100	1	1	1	0	80																									
453	1103	1	1	1	0	100	1	1	1	0	80																									
454	1104	1	1	1	0	100	1	1	1	0	80																									
455	1105	1	1	1	0	100	1	1	1	0	80																									
456	1106	1	1	1	0	100	1	1	1	0	80																									
457	1107	1	1	1	0	100	1	1	1	0	80																									
458	1108	1	1	1	0	100	1	1	1	0	80																									
459	1109	1	1	1	0	100	1	1	1	0	80																									
460	1110	1	1	1	0	100	1	1	1	0	80																									
461	1001	1	1	1	0	100	1	1	1	0	80																									
462	1002	1	1	1	0	100	1	1	1	0	80																									
463	1003	1	1	1	0	100	1	1	1	0	80																									
464	1004	1	1	1	0	100	1	1	1	0	80																									
465	1005	1	1	1	0	100	1	1	1	0	80																									
466	1006	1	1	1	0	100	1	1	1	0	80																									
467	1007	1	1	1	0	100	1	1	1	0	80																									
468	1008	1	1	1	0	100	1	1	1	0	80																									
469	1009	1	1	1	0	100	1	1	1	0	80																									
470	1010	1	1	1	0	100	1	1	1	0	80																									
471	1101	1	1	1	0	100	1	1	1	0	80																									
472	1102	1	1	1	0	100	1	1	1	0	80																									
473	1103	1	1	1	0	100	1	1	1	0	80																									
474	1104	1	1	1	0	100	1	1	1	0	80																									
475	1105	1	1	1	0	100	1	1	1	0	80																									
476	1106	1	1	1	0	100	1	1	1	0	80																									
477	1107	1	1	1	0	100	1	1	1	0	80																									
478	1108	1	1	1	0	100	1	1	1	0	80																									
479	1109	1	1	1	0	100	1	1	1	0	80																									
480	1110	1	1	1	0	100	1	1	1	0	80																									
481	1001	1	1	1	0	100	1	1	1	0	80																									
482	1002	1	1	1	0	100	1	1	1	0	80																									
483	1003	1	1	1	0	100	1	1	1	0	80																									
484	1004	1	1	1	0	100	1	1	1	0	80																									
485	1005	1	1	1	0	100	1	1	1	0	80																									
486	1006	1	1	1	0	100	1	1	1	0	80																									
487	1007	1	1	1	0	100	1	1	1	0	80																									
488	1008	1	1	1	0	100	1	1	1	0	80																									
489	1009	1	1	1	0	100	1	1	1	0	80																									
490	1010	1	1	1	0	100	1	1	1	0	80																									
491	1101	1	1	1	0	100	1	1	1	0	80																									
492	1102	1	1	1	0	100	1	1	1	0	80																									
493	1103	1	1	1	0	100	1	1	1	0	80																									
494	1104	1	1	1	0	100	1	1	1	0	80																									
495	1105	1	1	1	0	100	1	1	1	0	80																									
496	1106	1	1	1	0	100	1	1	1	0	80																									
497	1107	1	1	1	0	100	1	1	1	0	80																									
498	1108	1	1	1	0	100	1	1	1	0	80																									
499	1109	1	1	1	0	100	1	1	1	0	80																									
500	1110	1	1	1	0	100	1	1	1	0	80																									
501	1001	1	1	1	0	100	1	1	1	0	80																									
502	1002	1	1	1	0	100	1	1	1	0	80																									
503	1003	1	1	1	0	100	1	1	1	0	80																									
504	1004	1	1	1	0	100	1	1	1	0	80																									
505	1005	1	1	1	0	100	1	1	1	0	80																									
506	1006	1	1	1	0	100	1	1	1	0	80																									
507	1007	1	1	1	0	100	1	1	1	0	80																									
508	1008	1	1	1	0	100	1	1	1	0	80																									
509	1009	1	1	1	0	100	1	1	1	0	80																									
510	1010	1	1	1	0	100	1	1	1	0	80																									
511	1101	1	1	1	0	100	1	1	1	0	80																									
512	1102	1	1	1	0	100	1	1	1	0	80																									
513	1103	1	1	1	0	100	1	1	1	0	80																									
514	1104	1	1	1	0	100	1	1	1	0	80																									
515	1105	1	1	1	0	100	1	1	1	0	80																									
516	1106	1	1	1	0	100	1	1	1	0	80																									
517	1107	1	1	1	0	100	1	1	1	0	80																									
518	1108	1	1	1	0	100	1	1	1	0	80																									
519	1109	1	1	1	0	100	1	1	1	0	80																									
520	1110	1	1	1	0	100	1	1	1	0	80																									
521	1001	1	1	1	0	100	1	1	1	0	80																									
522	1002	1	1	1	0	100	1	1	1	0	80																									
523	1003	1	1	1	0	100	1	1	1	0	80																									
524	1004	1	1	1	0	100	1	1	1	0	80																									
525	1005	1	1	1	0	100	1	1	1	0	80																									
526	1006	1	1	1	0	100	1	1	1	0	80																									
527	1007	1	1	1	0	100	1	1	1	0	80																									
528	1008	1	1	1	0	100	1	1	1	0	80																									
529	1009	1	1	1	0	100	1	1	1	0	80																									
530	1010	1	1	1	0	100	1	1	1	0	80																									
531	1101	1	1	1	0	100	1	1	1	0	80																									
532	1102	1	1	1	0	100	1	1	1	0	80																									
533	1103	1	1	1	0	100	1	1	1	0	80																									
534	1104	1	1	1	0	100	1	1	1	0	80																									
535	1105	1	1	1	0	100	1	1	1	0	80																									
536	1106	1	1	1	0	100	1	1	1	0	80																									
537	1107	1	1	1	0	100	1	1	1	0	80																									
538	1108	1	1	1	0	100	1	1	1	0	80																									
539	1109	1	1	1	0	100	1	1	1	0	80																									
540	1110	1	1	1	0	100	1	1	1	0	80																									
541	1001	1	1	1	0	100	1	1	1	0	80																									
542	1002	1	1	1	0	100	1	1	1	0	80																									
543	1003	1	1	1	0	100	1	1	1	0	80																									
544	1004	1	1	1	0	100	1	1	1	0	80																									
545	1005	1	1	1	0	100	1	1	1	0	80																									
546	1006	1	1	1	0	100	1	1	1	0	80																									
547	1007	1	1	1	0	100	1	1	1	0	80																									
548	1008	1	1	1	0	100	1	1	1	0	80																									
549	1009	1	1	1	0	100	1	1	1	0	80																									
550	1010	1	1	1	0	100	1	1	1	0	80																									
551	1101	1	1	1	0	100	1	1	1	0	80																									
552	1102	1	1	1	0	100	1	1	1	0	80																									
553	1103	1	1	1	0	100	1	1	1	0	80																									
554	1104	1	1	1	0	100	1	1	1	0	80																									
555	1105	1	1	1	0	100	1	1	1	0	80																									
556	1106	1	1	1	0	100	1	1	1	0	80																									
557	1107	1	1	1	0	100	1	1	1	0	80																									
558	1108	1	1	1	0	100	1	1	1	0	80																									
559	1109	1	1	1	0	100	1	1	1	0	80																									
560	1110	1	1	1	0	100	1	1	1	0	80																									
561	1001	1	1	1	0	100	1	1	1	0	80																									
562	1002	1	1	1	0	100	1	1	1	0	80																									
563	1003	1	1	1	0	100	1	1	1	0	80																									
564	1004	1	1	1	0	100	1	1	1	0	80																									
565	1005	1	1	1	0	100	1	1	1	0	80																									
566	1006	1	1	1	0	100	1	1	1	0	80																									
567	1007	1	1	1	0	100	1	1	1	0	80																									
568	1008	1	1	1	0	100	1	1	1	0	80																									
569	1009	1	1	1	0	100	1	1	1	0	80																									
570	1010	1	1	1	0	100	1	1	1	0	80																									
571	1101	1	1	1	0	100	1	1	1	0	80																									
572	1102	1	1	1	0	100	1	1	1	0	80																									
573	1103	1	1	1	0	100	1	1	1	0	80																									
574	1104	1	1	1	0	100	1	1	1	0	80																									
575	1105	1	1	1	0	100	1	1	1	0	80																									
576	1106	1	1	1	0	100	1	1	1	0	80																									
577	1107	1	1	1	0	100	1	1	1	0	80																									
578	1108	1	1	1	0	100	1	1	1	0	80																									
579	1109	1	1	1	0	100	1	1	1	0	80																									
580	1110	1	1	1	0	100	1	1	1	0	80																									
581	1001	1	1	1	0	100	1	1	1	0	80																									
582	1002	1	1	1	0	100	1	1	1	0	80																									
583	1003	1	1	1	0	100	1	1	1	0	80																									
584	1004	1	1	1	0	100	1	1	1	0	80																									
585	1005	1	1	1	0	100	1	1	1	0	80																									
586	1006	1	1	1	0	100	1	1	1	0	80																									
587	1007	1	1	1	0	100	1	1	1	0	80																									
588	1008	1	1	1	0	100	1	1	1	0	80																									
589	1009	1	1	1	0	100	1	1	1	0	80																									
590	1010	1	1	1	0	100	1	1	1	0	80																									
591	1101	1	1	1	0	100	1	1	1	0	80																									
592	1102	1	1	1	0	100	1	1	1	0	80																									
593	1103	1	1	1	0	100	1	1	1	0	80																									
594	1104	1	1	1	0	100	1	1	1	0	80																									
595	1105	1	1	1	0	100	1	1	1	0	80																									
596	1106	1	1	1	0	100	1	1	1	0	80																									
597	1107	1	1	1	0	100	1	1	1	0	80																									
598	1108	1	1	1	0	100	1	1	1	0	80																									
599	1109	1	1	1	0	100	1	1	1	0	80																									
600	1110	1	1	1	0	100	1	1	1	0	80																									
601	1001	1	1	1	0	100	1	1	1	0	80																									
602	1002	1	1	1	0	100	1	1	1	0	80																									
603	1003	1	1	1	0	100	1	1	1	0	80																									
604	1004	1	1	1	0	100	1	1	1	0	80																									
605	1005	1	1	1	0	100	1	1	1	0	80																									
606	1006	1	1	1	0	100	1	1	1	0	80																									
607	1007	1	1	1	0	100	1	1	1	0	80																									
608	1008	1	1	1	0	100	1	1	1	0	80																									
609	1009	1	1	1	0	100	1	1	1	0	80																									
610	1010	1	1	1	0	100	1	1	1	0	80																									
611	1101	1	1	1	0	100	1	1	1	0	80																									
612	1102	1	1	1	0	100	1	1	1	0	80																									
613	1103	1	1	1	0	100	1	1	1	0	80																									
614	1104	1	1	1	0	100	1	1	1	0	80																									
615	1105	1	1	1	0	100	1	1	1	0	80																									
616	1106	1	1	1	0	100	1	1	1	0	80																									
617	1107	1	1	1	0	100	1	1	1	0	80																									
618	1108	1	1	1	0	100	1	1	1	0	80																									
619	1109	1	1	1	0	100	1	1	1	0	80																									
620	1110	1	1	1	0	100	1	1	1	0	80																									
621	1001	1	1	1	0	100	1	1	1	0	80																									
622	1002	1	1	1	0	100	1	1	1	0	80																									
623	1003	1	1	1	0	100	1	1	1	0	80																									
624	1004	1	1	1	0	100	1	1	1	0	80																									
625	1005	1	1	1	0	100	1	1	1	0	80																									
626	1006	1	1	1	0	100	1	1	1	0	80																									
627	1007	1	1	1	0	100	1	1	1	0	80																									
628	1008	1	1	1	0	100	1	1	1	0	80																									
629	1009	1	1	1	0	100	1	1	1	0	80																									
630	1010	1	1	1	0	100	1	1	1	0	80																									
631	1101	1	1	1	0	100	1	1	1	0	80																									
632	1102	1	1	1	0	100	1	1	1	0	80																									
633	1103	1	1	1	0	100	1	1	1	0	80																									
634	1104	1	1	1	0	100	1	1	1	0	80																									
635	1105	1	1	1	0	100	1	1	1	0	80																									
636	1106	1	1	1	0	100	1	1	1	0	80																									
637	1107	1	1	1	0	100	1	1	1	0	80																									
638	1108	1	1	1	0	100	1	1	1	0	80																									
639	1109	1	1	1	0	100	1	1	1	0	80																									
640	1110	1	1	1	0	100	1	1	1	0	80																									
641	1001	1	1	1	0	100	1	1	1	0	80																									
642	1002	1	1	1	0	100	1	1	1	0	80																									
643	1003	1	1	1	0	100	1	1	1	0	80																									
644	1004	1	1	1	0	100	1	1	1	0	80																									
645	1005	1	1	1	0	100	1	1	1	0	80																									
646	1006	1	1	1	0	100	1	1	1	0	80																									
647	1007	1	1	1	0	100	1	1	1	0	80																									
648	1008	1	1	1	0	100	1	1	1	0	80																									
649	1009	1	1	1	0	100	1	1	1	0	80																									
650	1010	1	1	1	0	100	1	1	1	0	80																									
651	1101	1	1	1	0	100	1	1	1	0	80																									
652	1102	1	1	1	0	100	1	1	1	0	80																									
653	1103	1	1	1	0	100	1	1	1	0	80																									
654	1104	1	1	1	0	100	1	1	1	0	80																									
655	1105	1	1	1	0	100	1	1	1	0	80																									
656	1106	1	1	1	0	100	1	1	1	0	80																									
657	1107	1	1	1	0	100	1	1	1	0	80																									
658	1108	1	1	1	0	100	1	1	1	0	80																									
659	1109	1	1	1	0	100	1	1	1	0	80																									
660	1110	1	1	1	0	100	1	1	1	0	80																									
661	1001	1	1	1	0	100	1	1	1	0	80																									
662	1002	1	1	1	0	100	1	1	1	0	80																									
663	1003	1	1	1	0	100	1	1	1	0	80																									
664	1004	1	1	1	0	100	1	1	1	0	80																									
665	1005	1	1	1	0	100	1	1	1	0	80																									
666	1006	1	1	1	0	100	1	1	1	0	80																									
667	1007	1	1	1	0	100	1	1	1	0	80																									
668	1008	1	1	1	0	100	1	1	1	0	80																									
669	1009	1	1	1	0	100	1	1	1	0	80																									
670	1010	1	1	1	0	100	1	1	1	0	80																									
671	1101	1	1	1	0	100	1	1	1	0	80																									
672	1102	1	1	1	0	100	1	1	1	0	80																									
673	1103	1	1	1	0	100	1	1	1	0	80																									
674	1104	1	1	1	0	100	1	1	1	0	80																									
675	1105	1	1	1	0	100	1	1	1	0	80																									
676	1106	1	1	1	0	100	1	1	1	0	80																									
677	1107	1	1	1	0	100	1	1	1	0	80																									
678	1108	1	1	1	0	100	1	1	1	0	80																									
679	1109	1	1	1	0	100	1	1	1	0	80																									
680	1110	1	1	1	0	100	1	1	1	0	80																									
681	1001	1	1	1	0	100	1	1	1	0	80																									
682	1002	1	1	1	0	100	1	1	1	0	80																									
683	1003	1	1	1	0	100	1	1	1	0	80																									
684	1004	1	1	1	0	100	1	1	1	0	80																									
685	1005	1	1	1	0	100	1	1	1	0	80																									
686	1006	1	1	1	0	100	1	1	1	0	80																									
687	1007	1	1	1	0	100	1	1	1	0	80																									
688	1008	1	1	1	0	100	1	1	1	0	80																									
689	1009	1	1	1	0	100	1	1	1	0	80																									
690	1010	1	1	1	0	100	1	1	1	0	80																									
691	1101	1	1	1	0	100	1	1	1	0	80																									
692	1102	1	1	1	0	100	1	1	1	0	80																									
693	1103	1	1	1	0	100	1	1	1	0	80																									
694	1104	1	1	1	0	100	1	1	1	0	80																									
695	1105	1	1	1	0	100	1	1	1	0	80																									
696	1106	1	1	1	0	100	1	1	1	0	80																									
697	1107	1	1	1	0	100	1	1	1	0	80																									
698	1108	1	1	1	0	100	1	1	1	0	80																									
699	1109	1	1	1	0	100	1	1	1	0	80																									
700	1110	1	1	1	0	100	1	1	1	0	80																									
701	1001	1	1	1	0	100	1	1	1	0	80																									
702	1002	1	1	1	0	100	1	1	1	0	80																									
703	1003	1	1	1	0	100	1	1	1	0	80																									
704	1004	1	1	1	0	100	1	1	1	0	80																									
705	1005	1	1	1	0	100	1	1	1	0	80																									
706	1006	1	1	1	0	100	1	1	1	0	80																									
707	1007	1	1	1	0	100	1	1	1	0	80																									
708	1008	1	1	1	0	100	1	1	1	0	80																									
709	1009	1	1	1	0	100	1	1	1	0	80																									
710	1010	1	1	1	0	100	1	1	1	0	80																									
711	1101	1	1	1	0	100	1	1	1	0	80																									
712	1102	1	1	1	0	100	1	1	1	0	80																									
713	1103	1	1	1	0	100	1	1	1	0	80																									
714	1104	1	1	1	0	100	1	1	1	0	80																									
715	1105	1	1	1	0	100	1	1	1	0	80																									
716	1106	1	1	1	0	100	1	1	1	0	80																									
717	1107	1	1	1	0	100	1	1	1	0	80																									
718	1108	1	1	1	0	100	1	1	1	0	80																									
719	1109	1	1	1	0	100	1	1	1	0	80																									
720	1110	1	1	1	0	100	1	1	1	0	80																									
721	1001	1	1	1	0	100	1	1	1	0	80																									
722	1002	1	1	1	0	100	1	1	1	0	80																									
723	1003	1	1	1	0	100	1	1	1	0	80																									
724	1004	1	1	1	0	100	1	1	1	0	80																									
725	1005	1	1	1	0	100	1	1	1	0	80																									
726	1006	1	1	1	0	100	1	1	1	0	80																									
727	1007	1	1	1	0	100	1	1	1	0	80																									
728	1008	1	1	1	0	100	1	1	1	0	80																									
729	1009	1	1	1	0	100	1	1	1	0	80																									
730	1010	1	1	1	0	100	1	1	1	0	80																									
731	1101	1	1	1	0	100	1	1	1	0	80																									
732	1102	1	1	1	0	100	1	1	1	0	80																									
733	1103	1	1	1	0	100	1	1	1	0	80																									
734	1104	1	1	1	0	100	1	1	1	0	80																									
735	1105	1	1	1	0	100	1	1	1	0	80																									
736	1106	1	1	1	0	100	1	1	1	0	80																									
737	1107	1	1	1	0	100	1	1	1	0	80																									
738	1108	1	1	1	0	100	1	1	1	0	80																									
739	1109	1	1	1	0	100	1	1	1	0	80																									
740	1110	1	1	1	0	100	1	1	1	0	80																									
741	1001	1	1	1	0	100	1	1	1	0	80																									
742	1002	1	1	1	0	100	1	1	1	0	80																									
743	1003	1	1	1	0	100	1	1	1	0	80																									
744	1004	1	1	1	0	100	1	1	1	0	80																									
745	1005	1	1	1	0	100	1	1	1	0	80																									
746	1006	1	1	1	0	100	1	1	1	0	80																									
747	1007	1	1	1	0	100	1	1	1	0	80																									
748	1008	1	1	1	0	100	1	1	1	0	80																									
749	1009	1	1	1	0	100	1	1	1	0	80																									
750	1010	1	1	1	0	100	1	1	1	0	80																									
751	1101	1	1	1	0	100	1	1	1	0	80																									
752	1102	1	1	1	0	100	1	1	1	0	80																									
753	1103	1	1	1	0	100	1	1	1	0	80																									
754	1104	1	1	1	0	100	1	1	1	0	80																									
755	1105	1	1	1	0	100	1	1	1	0	80																									
756	1106	1	1	1	0	100	1	1	1	0	80																									
757	1107	1	1	1	0	100	1	1	1	0	80																									
758	1108	1	1	1	0	100	1	1	1	0	80																									
759	1109	1	1	1	0	100	1	1	1	0	80																									
760	1110	1	1	1	0	100	1	1	1	0	80																									
761	1001	1	1	1	0	100	1	1	1	0	80																									
762	1002	1	1	1	0	100	1	1	1	0	80																									
763	1003	1	1	1	0	100	1	1	1	0	80																									
764	1004	1	1	1	0	100	1	1	1	0	80																									
765	1005	1	1	1	0	100	1	1	1	0	80																									
766	1006	1	1	1	0	100	1	1	1	0	80																									
767	1007	1	1	1	0	100	1	1	1	0	80																									
768	1008	1	1	1	0	100	1	1	1	0	80																									
769	1009	1	1	1	0	100	1	1	1	0	80																									
770	1010	1	1	1	0	100	1	1	1	0	80																									
771	1101	1	1	1	0	100	1	1	1	0	80																									
772	1102	1	1	1	0	100	1	1	1	0	80																									
773	1103	1	1	1	0	100	1	1	1	0	80																									
774	1104	1	1	1	0	100	1	1	1	0	80																									
775	1105	1	1	1	0	100	1	1	1	0	80																									
776	1106	1	1	1	0	100	1	1	1	0	80																									
777	1107	1	1	1	0	100	1	1	1	0	80																									
778	1108	1	1	1	0	100	1	1	1	0	80																									
779	1109	1	1	1	0	100	1	1	1	0	80																									
780	1110	1	1	1	0	100	1	1	1	0	80																									
781	1001	1	1	1	0	100	1	1	1	0	80																									
782	1002	1	1	1	0	100	1	1	1	0	80																									
783	1003	1	1	1	0	100	1	1	1	0	80																									
784	1004	1	1	1	0	100	1	1	1	0	80																									
785	1005	1	1	1	0	100	1	1	1	0	80																									
786	1006	1	1	1	0	100	1	1	1	0	80																									
787	1007	1	1	1	0	100	1	1	1	0	80																									
788	1008	1	1	1	0	100	1	1	1	0	80																									
789	1009	1	1	1	0	100	1	1	1	0	80																									
790	1010	1	1	1	0	100	1	1	1	0	80																									
791	1101	1	1	1	0	100	1	1	1	0	80																									
792	1102	1	1	1	0	100	1	1	1	0	80																									
793	1103	1	1	1	0	100	1	1	1	0	80																									
794	1104	1	1	1	0	100	1	1	1	0	80																									
795	1105	1	1	1	0	100	1	1	1	0	80																									
796	1106	1	1	1	0	100	1	1	1	0	80																									
797	1107	1	1	1	0	100	1	1	1	0	80																									
798	1108	1	1	1	0	100	1	1	1	0	80																									
799	1109	1	1	1	0	100	1	1	1	0	80																									
800	1110	1	1	1	0	100	1	1	1	0	80																									
801	1001	1	1	1	0	100	1	1	1	0	80																									
802	1002	1	1	1	0	100	1	1	1	0	80																									
803	1003	1	1	1	0	100	1	1	1	0	80																									
804	1004	1	1	1	0	100	1	1	1	0	80																									
805	1005	1	1	1	0	100	1	1	1	0	80																									
806	1006	1	1	1	0	100	1	1	1	0	80																									
807	1007	1	1	1	0	100	1	1	1	0	80																									
808	1008	1	1	1	0	100	1	1	1	0	80																									
809	1009	1	1	1	0	100	1	1	1	0	80																									
810	1010	1	1	1	0	100	1	1	1	0	80																									
811	1101	1	1	1	0	100	1	1	1	0	80																									
812	1102	1	1	1	0	100	1	1	1	0	80																									
813	1103	1	1	1	0	100	1	1	1	0	80																									
814	1104	1	1	1	0	100	1	1	1	0	80																									
815	1105	1	1	1	0	100	1	1	1	0	80																									
816	1106	1	1	1	0	100	1	1	1	0	80																									
817	1107	1	1	1	0	100	1	1	1	0	80																									
818	1108	1	1	1	0	100	1	1	1	0	80																									
819	1109	1	1	1	0	100	1	1	1	0	80																									
820	1110	1	1	1	0	100	1	1	1	0	80																									
821	1001	1	1	1	0	100	1	1	1	0	80																									
822	1002	1	1	1	0	100	1	1	1	0	80																									
823	1003	1	1	1	0	100	1	1	1	0	80																									
824	1004	1	1	1	0	100	1	1	1	0	80																									
825	1005	1	1	1	0	100	1	1	1	0	80																									
826	1006	1	1	1	0	100	1	1	1	0	80																									
827	1007	1	1	1	0	100	1	1	1	0	80																									
828	1008	1	1	1	0	100	1	1	1	0	80																									
829	1009	1	1	1	0	100	1	1	1	0	80																									
830	1010	1	1	1	0	100	1	1	1	0	80																									
831	1101	1	1	1	0	100	1	1	1	0	80																									
832	1102	1	1	1	0	100	1	1	1	0	80																									
833	1103	1	1	1	0	100	1	1	1	0	80																									
834	1104	1	1	1	0	100	1	1	1	0	80																									
835	1105	1	1	1	0	100	1	1	1	0	80																									
836	1106	1	1	1	0	100	1	1	1	0	80																									
837	1107	1	1	1	0	100	1	1	1	0	80																									
838	1108	1	1	1	0	100	1	1	1	0	80																									
839	1109	1	1	1	0	100	1	1	1	0	80																									
840	1110	1	1	1	0	100	1	1	1	0	80																									
841	1001	1	1	1	0	100	1	1	1	0	80																									
842	1002	1	1	1	0	100	1	1	1	0	80																									
843	1003	1	1	1	0	100	1	1	1	0	80																									
844	1004	1	1	1	0	100	1	1	1	0	80																									
845	1005	1	1	1	0	100	1	1	1	0	80																									
846	1006	1	1	1	0	100	1	1	1	0	80																									
847	1007	1	1	1	0	100	1	1	1	0	80																									
848	1008	1	1	1	0	100	1	1	1	0	80																									
849	1009	1	1	1	0	100	1	1	1	0	80																									
850	1010	1	1	1	0	100	1	1	1	0	80																									
851	1101	1	1	1	0	100	1	1	1	0	80																									
852	1102	1	1	1	0	100	1	1	1	0	80																									
853	1103	1	1	1	0	100	1	1	1	0	80																									
854	1104	1	1	1	0	100	1	1	1	0	80																									
855	1105	1	1	1	0	100	1	1	1	0	80																									
856	1106	1	1	1	0	100	1	1	1	0	80																									
857	1107	1	1	1	0	100	1	1	1	0	80																									
858	1108	1	1	1	0	100	1	1	1	0	80																									
859	1109	1	1	1	0	100	1	1	1	0	80																									
860	1110	1	1	1	0	100	1	1	1	0	80																									
861	1001	1	1	1	0	100	1	1	1	0	80																									
862	1002	1	1	1	0	100	1	1	1	0	80																									
863	1003	1	1	1	0	100	1	1	1	0	80																									
864	1004	1	1	1	0	100	1	1	1	0	80																									
865	1005	1	1	1	0	100	1	1	1	0	80																									
866	1006	1	1	1	0	100	1	1	1	0	80																									
867	1007	1	1	1	0	100	1	1	1	0	80																									
868	1008	1	1	1	0	100	1	1	1	0	80																									
869	1009	1	1	1	0	100	1	1	1	0	80																									
870	1010	1	1	1	0	100	1	1	1	0	80																									
871	1101	1	1	1	0	100	1	1	1	0	80																									
872	1102	1	1	1	0	100	1	1	1	0	80																									
873	1103	1	1	1	0	100	1	1	1	0	80																									
874	1104	1	1	1	0	100	1	1	1	0	80																									
875	1105	1	1	1	0	100	1	1	1	0	80																									
876	1106	1	1	1	0	100	1	1	1	0	80																									
877	1107	1	1	1	0	100	1	1	1	0	80																									
878	1108	1	1	1	0	100	1	1	1	0	80																									
879	1109	1	1	1	0	100	1	1	1	0	80																									
880	1110	1	1	1	0	100	1	1	1	0	80																									
881	1001	1	1	1	0	100	1	1	1	0	80																									
882	1002	1	1	1	0	100	1	1	1	0	80																									
883	1003	1	1	1	0	100	1	1	1	0	80																									
884	1004	1	1	1	0	100	1	1	1	0	80																									
885	1005	1	1	1	0	100	1	1	1	0	80																									
886	1006	1	1	1	0	100	1	1	1	0	80																									
887	1007	1	1	1	0	100	1	1	1	0	80																									
888	1008	1	1	1	0	100	1	1	1	0	80																									
889	1009	1	1	1	0	100	1	1	1	0	80																									
890	1010	1	1	1	0	100	1	1	1	0	80																									
891	1101	1	1	1	0	100	1	1	1	0	80																									
892	1102	1	1	1	0	100	1	1	1	0	80																									
893	1103	1	1	1	0	100	1	1	1	0	80																									
894	1104	1	1	1	0	100	1	1	1	0	80																									
895	1105	1	1	1	0	100	1	1	1	0	80																									
896	1106	1	1	1	0	100	1	1	1	0	80																									
897	1107	1	1	1	0	100	1	1	1	0	80																									
898	1108	1	1	1	0	100	1	1	1	0	80																									
899	1109	1	1	1	0	100	1	1	1	0	80																									
900	1110	1	1	1	0	100	1	1	1	0	80																									
901	1001	1	1	1	0	100	1	1	1	0	80																									
902	1002	1	1	1	0	100	1	1	1	0	80																									
903	1003	1	1	1	0	100	1	1	1	0	80																									
904	1004	1	1	1	0	100	1	1	1	0	80																									
905	1005	1	1	1	0	100	1	1	1	0	80																									
906	1006	1	1	1	0	100	1	1	1	0	80																									
907	1007	1	1	1	0	100	1	1	1	0	80																									
908	1008	1	1	1	0	100	1	1	1	0	80																									
909	1009	1	1	1	0	100	1	1	1	0	80																									
910	1010	1	1	1	0	100	1	1	1	0	80																									
911	1101	1	1	1	0	100	1	1	1	0	80																									
912	1102	1	1	1	0	100	1	1	1	0	80																									
913	1103	1	1	1	0	100	1	1	1	0	80																									
914	1104	1	1	1	0	100	1	1	1	0	80																									
915	1105	1	1	1	0	100	1	1	1	0	80																									
916	1106	1	1	1	0	100	1	1	1	0	80																									
917	1107	1	1	1	0	100	1	1	1	0	80																									
918	1108	1	1	1	0	100	1	1	1	0	80																									
919	1109	1	1	1	0	100	1	1	1	0	80																									
920	1110	1	1	1	0	100	1	1	1	0	80																									
921	1001	1	1	1	0	100	1	1	1	0	80																									
922	1002	1	1	1	0	100	1	1	1	0	80																									
923	1003	1	1	1	0	100	1	1	1	0	80																									
924	1004	1	1	1	0	100	1	1	1	0	80																									
925	1005	1	1	1	0	100	1	1	1	0	80																									
926	1006	1	1	1	0	100	1	1	1	0	80																									
927	1007	1	1	1	0	100	1	1	1	0	80																									
928	1008	1	1	1	0	100	1	1	1	0	80																									
929	1009	1	1	1	0	100	1	1	1	0	80																									
930	1010	1	1	1	0	100	1	1	1	0	80																									
931	1101	1	1	1	0	100	1	1	1	0	80																									
932	1102	1	1	1	0	100	1	1	1	0	80																									
933	1103	1	1	1	0	100	1	1	1	0	80																									
934	1104	1	1	1	0	100	1	1	1	0	80																									
935	1105	1	1	1	0	100	1	1	1	0	80																									
936	1106	1	1	1	0	100	1	1	1	0	80																									
937	1107	1	1	1	0	100	1	1	1	0	80																									
938	1108	1	1	1	0	100	1	1	1	0	80																									
939	1109	1	1	1	0	100	1	1	1	0	80																									
940	1110	1	1	1	0	100	1	1	1	0	80																									
941	1001	1	1	1	0	100	1	1	1	0	80																									
942	1002	1	1	1	0	100	1	1	1	0	80																									
943	1003	1	1	1	0	100	1	1	1	0	80																									
944	1004	1	1	1	0	100	1	1	1	0	80																									
945	1005	1	1	1	0	100	1	1	1	0	80																									
946	1006	1	1	1	0	100	1	1	1	0	80																									
947	1007	1	1	1	0	100	1	1	1	0	80																									
948	1008	1	1	1	0	100	1	1	1	0	80																									
949	1009	1	1	1	0	100	1	1	1	0	80																									
950	1010	1	1	1	0	100	1	1	1	0	80																									
951	1101	1	1	1	0	100	1	1	1	0	80																									
952	1102	1	1	1	0	100	1	1	1	0	80																									
953	1103	1	1	1	0	100	1	1	1	0	80																									
954	1104	1	1	1	0	100	1	1	1	0	80																									
955	1105	1	1	1	0	100	1	1	1	0	80																									
956	1106	1	1	1	0	100	1	1	1	0	80																									
957	1107	1	1	1	0	100	1	1	1	0	80																									
958	1108	1	1	1	0	100	1	1	1	0	80																									
959	1109	1	1	1	0	100	1	1	1	0	80																									
960	1110	1	1	1	0	100	1	1	1	0	80																									
961	1001	1	1	1	0	100	1	1	1	0	80																									
962	1002	1	1	1	0	100	1	1	1	0	80																									
963	1003	1	1	1	0	100	1	1	1	0	80																									
964	1004	1	1	1	0	100	1	1	1	0	80																									
965	1005	1	1	1	0	100	1	1	1	0	80																									
966	1006	1	1	1	0	100	1	1	1	0	80																									
967	1007	1	1	1	0	100	1	1	1	0	80																									
968	1008	1	1	1	0	100	1	1	1	0	80																									
969	1009	1	1	1	0	100	1	1	1	0	80																									
970	1010	1	1	1	0	100	1	1	1	0	80																									
971	1101	1	1	1	0	100	1	1	1	0	80																									
972	1102	1	1	1	0	100	1	1	1	0	80																									
973	1103	1	1	1	0	100	1	1	1	0	80																									
974	1104	1	1	1	0	100	1	1	1	0	80																									
975	1105	1	1	1	0	100	1	1	1	0	80																									
976	1106	1	1	1	0	100	1	1	1	0	80																									
977	1107	1	1	1	0	100	1	1	1	0	80																									
978	1108	1	1	1	0	100	1	1	1	0	80																									
979	1109	1	1	1	0	100	1	1	1	0	80																									
980	1110	1	1	1	0	100	1	1	1	0	80																									
981	1001	1	1	1	0	100	1	1	1	0	80																									
982	1002	1	1	1	0	100	1	1	1	0	80																									
983	1003	1	1	1	0	100	1	1	1	0	80																									
984	1004	1	1	1	0	100	1	1	1	0	80																									
985	1005	1	1	1	0	100	1	1	1	0	80																									
986	1006	1	1	1	0	100	1	1	1	0	80																									
987	1007	1	1	1	0	100	1	1	1	0	80																									
988	1008	1	1	1	0	100	1	1	1	0	80																									
989	1009	1	1	1	0	100	1	1	1	0	80																									
990	1010	1	1	1	0	100	1	1	1	0	80																									
991	1101	1	1	1	0	100	1	1	1	0	80																									
992	1102	1	1	1	0	100	1	1	1	0	80																									
993	1103	1	1	1	0	100	1	1	1	0	80																									
994	1104	1	1	1	0	100	1	1	1	0	80																									
995	1105	1	1	1	0	100	1	1	1	0	80																									
996	1106	1	1	1	0	100	1	1	1	0	80																									
997	1107	1	1	1	0	100	1	1	1	0	80																									
998	1108	1	1	1	0	100	1	1	1	0	80																									
999	1109	1	1	1	0	100	1	1	1	0	80																									
1000	1110	1	1	1	0	100	1	1	1	0	80																									
