id	NAME	代号	icon	icon1	等级	类型	颜色	属性1	属性1	价值	获得途径
INT	STRING	STRING	STRING	STRING	INT	INT	INT	INT	INT	INT	STRING
*id		#name	icon	icon1	level	type	color	attr_id	attr_value		get
1001	1级生命宝石	t_rune_name_1001	1001	s1001	1	1	1	21	1	60	11
1002	2级生命宝石	t_rune_name_1002	1001	s1001	2	1	1	21	2	120	11
1003	3级生命宝石	t_rune_name_1003	1001	s1001	3	1	2	21	3	240	11
1004	4级生命宝石	t_rune_name_1004	1001	s1001	4	1	2	21	4	480	11
1005	5级生命宝石	t_rune_name_1005	1001	s1001	5	1	3	21	5	960	11
1006	6级生命宝石	t_rune_name_1006	1001	s1001	6	1	3	21	6	1920	11
1007	7级生命宝石	t_rune_name_1007	1001	s1001	7	1	4	21	7	3840	11
1008	8级生命宝石	t_rune_name_1008	1001	s1001	8	1	4	21	8	7680	11
1009	9级生命宝石	t_rune_name_1009	1001	s1001	9	1	5	21	9	15360	11
1010	10级生命宝石	t_rune_name_1010	1001	s1001	10	1	5	21	10	30720	11
2001	1级攻击宝石	t_rune_name_2001	2001	s2001	1	2	1	22	1	50	11
2002	2级攻击宝石	t_rune_name_2002	2001	s2001	2	2	1	22	2	100	11
2003	3级攻击宝石	t_rune_name_2003	2001	s2001	3	2	2	22	3	200	11
2004	4级攻击宝石	t_rune_name_2004	2001	s2001	4	2	2	22	4	400	11
2005	5级攻击宝石	t_rune_name_2005	2001	s2001	5	2	3	22	5	800	11
2006	6级攻击宝石	t_rune_name_2006	2001	s2001	6	2	3	22	6	1600	11
2007	7级攻击宝石	t_rune_name_2007	2001	s2001	7	2	4	22	7	3200	11
2008	8级攻击宝石	t_rune_name_2008	2001	s2001	8	2	4	22	8	6400	11
2009	9级攻击宝石	t_rune_name_2009	2001	s2001	9	2	5	22	9	12800	11
2010	10级攻击宝石	t_rune_name_2010	2001	s2001	10	2	5	22	10	25600	11
3001	1级物防宝石	t_rune_name_3001	3001	s3001	1	3	1	23	1	50	11
3002	2级物防宝石	t_rune_name_3002	3001	s3001	2	3	1	23	2	100	11
3003	3级物防宝石	t_rune_name_3003	3001	s3001	3	3	2	23	3	200	11
3004	4级物防宝石	t_rune_name_3004	3001	s3001	4	3	2	23	4	400	11
3005	5级物防宝石	t_rune_name_3005	3001	s3001	5	3	3	23	5	800	11
3006	6级物防宝石	t_rune_name_3006	3001	s3001	6	3	3	23	6	1600	11
3007	7级物防宝石	t_rune_name_3007	3001	s3001	7	3	4	23	7	3200	11
3008	8级物防宝石	t_rune_name_3008	3001	s3001	8	3	4	23	8	6400	11
3009	9级物防宝石	t_rune_name_3009	3001	s3001	9	3	5	23	9	12800	11
3010	10级物防宝石	t_rune_name_3010	3001	s3001	10	3	5	23	10	25600	11
4001	1级魔防宝石	t_rune_name_4001	4001	s4001	1	4	1	24	1	50	11
4002	2级魔防宝石	t_rune_name_4002	4001	s4001	2	4	1	24	2	100	11
4003	3级魔防宝石	t_rune_name_4003	4001	s4001	3	4	2	24	3	200	11
4004	4级魔防宝石	t_rune_name_4004	4001	s4001	4	4	2	24	4	400	11
4005	5级魔防宝石	t_rune_name_4005	4001	s4001	5	4	3	24	5	800	11
4006	6级魔防宝石	t_rune_name_4006	4001	s4001	6	4	3	24	6	1600	11
4007	7级魔防宝石	t_rune_name_4007	4001	s4001	7	4	4	24	7	3200	11
4008	8级魔防宝石	t_rune_name_4008	4001	s4001	8	4	4	24	8	6400	11
4009	9级魔防宝石	t_rune_name_4009	4001	s4001	9	4	5	24	9	12800	11
4010	10级魔防宝石	t_rune_name_4010	4001	s4001	10	4	5	24	10	25600	11
5001	1级命中宝石	t_rune_name_5001	5001	s5001	1	5	1	31	1	50	11
5002	2级命中宝石	t_rune_name_5002	5001	s5001	2	5	1	31	2	100	11
5003	3级命中宝石	t_rune_name_5003	5001	s5001	3	5	2	31	3	200	11
5004	4级命中宝石	t_rune_name_5004	5001	s5001	4	5	2	31	4	400	11
5005	5级命中宝石	t_rune_name_5005	5001	s5001	5	5	3	31	5	800	11
5006	6级命中宝石	t_rune_name_5006	5001	s5001	6	5	3	31	6	1600	11
5007	7级命中宝石	t_rune_name_5007	5001	s5001	7	5	4	31	7	3200	11
5008	8级命中宝石	t_rune_name_5008	5001	s5001	8	5	4	31	8	6400	11
5009	9级命中宝石	t_rune_name_5009	5001	s5001	9	5	5	31	9	12800	11
5010	10级命中宝石	t_rune_name_5010	5001	s5001	10	5	5	31	10	25600	11
6001	1级闪避宝石	t_rune_name_6001	6001	s6001	1	6	1	32	1	50	11
6002	2级闪避宝石	t_rune_name_6002	6001	s6001	2	6	1	32	2	100	11
6003	3级闪避宝石	t_rune_name_6003	6001	s6001	3	6	2	32	3	200	11
6004	4级闪避宝石	t_rune_name_6004	6001	s6001	4	6	2	32	4	400	11
6005	5级闪避宝石	t_rune_name_6005	6001	s6001	5	6	3	32	5	800	11
6006	6级闪避宝石	t_rune_name_6006	6001	s6001	6	6	3	32	6	1600	11
6007	7级闪避宝石	t_rune_name_6007	6001	s6001	7	6	4	32	7	3200	11
6008	8级闪避宝石	t_rune_name_6008	6001	s6001	8	6	4	32	8	6400	11
6009	9级闪避宝石	t_rune_name_6009	6001	s6001	9	6	5	32	9	12800	11
6010	10级闪避宝石	t_rune_name_6010	6001	s6001	10	6	5	32	10	25600	11
7001	1级暴击宝石	t_rune_name_7001	7001	s7001	1	7	1	33	1	50	11
7002	2级暴击宝石	t_rune_name_7002	7001	s7001	2	7	1	33	2	100	11
7003	3级暴击宝石	t_rune_name_7003	7001	s7001	3	7	2	33	3	200	11
7004	4级暴击宝石	t_rune_name_7004	7001	s7001	4	7	2	33	4	400	11
7005	5级暴击宝石	t_rune_name_7005	7001	s7001	5	7	3	33	5	800	11
7006	6级暴击宝石	t_rune_name_7006	7001	s7001	6	7	3	33	6	1600	11
7007	7级暴击宝石	t_rune_name_7007	7001	s7001	7	7	4	33	7	3200	11
7008	8级暴击宝石	t_rune_name_7008	7001	s7001	8	7	4	33	8	6400	11
7009	9级暴击宝石	t_rune_name_7009	7001	s7001	9	7	5	33	9	12800	11
7010	10级暴击宝石	t_rune_name_7010	8001	s8001	10	7	5	33	10	25600	11
8001	1级抗暴宝石	t_rune_name_8001	8001	s8001	1	8	1	34	1	50	11
8002	2级抗暴宝石	t_rune_name_8002	8001	s8001	2	8	1	34	2	100	11
8003	3级抗暴宝石	t_rune_name_8003	8001	s8001	3	8	2	34	3	200	11
8004	4级抗暴宝石	t_rune_name_8004	8001	s8001	4	8	2	34	4	400	11
8005	5级抗暴宝石	t_rune_name_8005	8001	s8001	5	8	3	34	5	800	11
8006	6级抗暴宝石	t_rune_name_8006	8001	s8001	6	8	3	34	6	1600	11
8007	7级抗暴宝石	t_rune_name_8007	8001	s8001	7	8	4	34	7	3200	11
8008	8级抗暴宝石	t_rune_name_8008	8001	s8001	8	8	4	34	8	6400	11
8009	9级抗暴宝石	t_rune_name_8009	8001	s8001	9	8	5	34	9	12800	11
8010	10级抗暴宝石	t_rune_name_8010	8001	s8001	10	8	5	34	10	25600	11
